     8   2   0   0     9    66  10   0   7  18   1   0   0   0   2

  20 20 20   0 0 0 0.0 0.0  


  1     0.0000000     0.0000000     0.7649640
  1     0.0000000     0.0000000    -0.7649640
  2     0.0000000     1.0111320     1.1569470
  2    -0.8756660    -0.5055660     1.1569470
  2     0.8756660    -0.5055660     1.1569470
  2     0.0000000    -1.0111320    -1.1569470
  2    -0.8756660     0.5055660    -1.1569470
  2     0.8756660     0.5055660    -1.1569470

  6.0   5
0   6
      3047.5249000              0.0018347        
       457.3695100              0.0140373        
       103.9486900              0.0688426        
        29.2101550              0.2321844        
         9.2866630              0.4679413        
         3.1639270              0.3623120        
0   3
         7.8682724             -0.1193324              
         1.8812885             -0.1608542              
         0.5442493              1.1434564              
1   3
         7.8682724              0.0689991        
         1.8812885              0.3164240        
         0.5442493              0.7443083        
0   1
         0.1687144              
1   1
         0.1687144              

  1.0    2
0   3
        18.7311370              0.03349460       
         2.8253937              0.23472695       
         0.6401217              0.81375733       
0   1
         0.1612778              


      2        1   2   8
   2   -0.24869006   5    0.31229606   6   -0.11244164   9    0.16821540
  11   -0.24871438  14   -0.31236582  15   -0.11249233  18   -0.16824935
      2        1   3   8
   2    0.25564105   4    0.31563712   5    0.11466358   6    0.13008847
   8    0.17704323   9    0.05016717  10    0.31829065  11    0.22482826
      2        1   4  10
   2   -0.25565069   3    0.27336503   4    0.15782939   5   -0.11466989
   6   -0.13010527   7    0.15332365   8    0.08852574   9   -0.05016829
  10   -0.31828682  11   -0.22479720
      2        1   5  10
   2   -0.25565214   3   -0.27336509   4    0.15782838   5   -0.11466879
   6   -0.13010663   7   -0.15332960   8    0.08852466   9   -0.05016642
  10   -0.31828637  11   -0.22479331
      2        2   6   8
   2    0.25565256   4   -0.31565114   5   -0.11465798   6    0.13010564
   8   -0.17705461   9   -0.05016444  10    0.31828166  11    0.22480059
      2        2   7  10
   2   -0.25564930   3    0.27334856   4   -0.15781545   5    0.11465488
   6   -0.13010102   7    0.15333801   8   -0.08852619   9    0.05016721
  10   -0.31828031  11   -0.22481661
      2        2   8  10
   2   -0.25564352   3   -0.27333922   4   -0.15781169   5    0.11465216
   6   -0.13009326   7   -0.15332961   8   -0.08852560   9    0.05016625
  10   -0.31828616  11   -0.22483397
      1        1   1
   1    1.00000000
      1        2   1
   1    1.00000000


Ethane, C2H6/SDVB/6-31G, at the RHF/6-31G geometry.
This example uses two-center expansions for the CH and CC bonds, together with 'single-zeta' core orbitals, consisting of just the '1s' basis functions on carbon.
This wave function gains efficiency by omitting the orbital 'tails' and so its energy is slightly higher than the Hartree-Fock energy.
(the above orbitals are optimized to 1d-4 kCal/Mol in the total energy, output given below)

 guess energy in atomic units          -79.1739950294178385

