    11   2   0   0    13    99  12   0   7  18   1   0   0   0   2

 20 20 20  0 0 0 0.0 0.0  

  1    0.0000000    0.0000000    0.5877230
  1    0.0000000    1.2748530   -0.2607160
  1    0.0000000   -1.2748530   -0.2607160
  2    0.8694920    0.0000000    1.2390950
  2   -0.8694920    0.0000000    1.2390950
  2    0.0000000    2.1633910    0.3612210
  2    0.0000000   -2.1633910    0.3612210
  2    0.8764230    1.3169070   -0.8995940
  2   -0.8764230    1.3169070   -0.8995940
  2   -0.8764230   -1.3169070   -0.8995940
  2    0.8764230   -1.3169070   -0.8995940

  6.0   5
0   6
      3047.5249000              0.0018347        
       457.3695100              0.0140373        
       103.9486900              0.0688426        
        29.2101550              0.2321844        
         9.2866630              0.4679413        
         3.1639270              0.3623120        
0   3
         7.8682724             -0.1193324              
         1.8812885             -0.1608542              
         0.5442493              1.1434564              
1   3
         7.8682724              0.0689991        
         1.8812885              0.3164240        
         0.5442493              0.7443083        
0   1
         0.1687144              
1   1
         0.1687144              

  1.0    2
0   3
        18.7311370              0.03349460       
         2.8253937              0.23472695       
         0.6401217              0.81375733       
0   1
         0.1612778              


      2        1   2  12
   2    0.24912081   4    0.25495810   5   -0.17739117   6    0.10827708
   8    0.11974114   9   -0.10295442  11    0.24913381  13   -0.25910941
  14    0.17284160  15    0.12459430  17   -0.14129850  18    0.10162582
      2        1   3  12
   2   -0.24913625   4    0.25502052   5    0.17740490   6   -0.10829025
   8    0.11975111   9    0.10294140  11   -0.24912298  13   -0.25908595
  14   -0.17283485  15   -0.12457572  17   -0.14127035  18   -0.10160980
      2        1   4   8
   2    0.25604578   3    0.27134069   5    0.19487975   6    0.13273229
   7    0.14995776   9    0.09113059  10    0.31797793  11    0.23134172
      2        1   5   8
   2    0.25605131   3   -0.27133151   5    0.19487721   6    0.13273707
   7   -0.14998347   9    0.09113569  10    0.31796646  11    0.23133313
      2        2   6   8
   2   -0.25420079   4   -0.27176691   5   -0.19722356   6   -0.13003011
   8   -0.14271609   9   -0.11944565  10   -0.31842439  11   -0.22402213
      2        2   8  10
   2    0.25443117   3    0.27190024   4    0.00622217   5   -0.19429451
   6    0.13238052   7    0.15342579   8   -0.01083445   9   -0.10202922
  10    0.31728857  11    0.22592974
      2        2   9  10
   2    0.25442873   3   -0.27189963   4    0.00622178   5   -0.19429450
   6    0.13238180   7   -0.15341003   8   -0.01083353   9   -0.10202822
  10    0.31729591  11    0.22593442
      2        3   7   8
   2   -0.25419885   4    0.27177692   5   -0.19722357   6   -0.13002330
   8    0.14271040   9   -0.11943014  10   -0.31843257  11   -0.22402562
      2        3  10  10
   2    0.25443601   3   -0.27191588   4   -0.00622948   5   -0.19430873
   6    0.13238664   7   -0.15342098   8    0.01082763   9   -0.10203307
  10    0.31728983  11    0.22590681
      2        3  11  10
   2    0.25443114   3    0.27190626   4   -0.00622862   5   -0.19430443
   6    0.13237963   7    0.15341118   8    0.01082772   9   -0.10203341
  10    0.31729587  11    0.22592311
      1        1   1
   1    1.00000000
      1        2   1
   1    1.00000000
      1        3   1
   1    1.00000000
 

Propane, C3H8/SDVB/6-31G, at the RHF/6-31G geometry.
This example uses two-center expansions for the CH and CC bonds, together with 'single-zeta' core orbitals, consisting of just the '1s' basis functions on carbon.
This wave function gains efficiency by omitting the orbital 'tails' and so its energy is slightly higher than the Hartree-Fock energy.
(the above orbitals are optimized to 1d-4 kCal/Mol in the total energy, output given below)

 guess energy in atomic units         -118.1767010509024658
 
