     5   2   0   0     5    41  10   0   7  18   1   0   0   0   2

  20 20 20   0 0 0 0.0 0.0  


  1    0.0000000    0.0000000    0.0000000
  2    0.6247570    0.6247570    0.6247570
  2   -0.6247570   -0.6247570    0.6247570
  2   -0.6247570    0.6247570   -0.6247570
  2    0.6247570   -0.6247570   -0.6247570

  6.0   5
0   6
      3047.5249000              0.0018347        
       457.3695100              0.0140373        
       103.9486900              0.0688426        
        29.2101550              0.2321844        
         9.2866630              0.4679413        
         3.1639270              0.3623120        
0   3
         7.8682724             -0.1193324              
         1.8812885             -0.1608542              
         0.5442493              1.1434564              
1   3
         7.8682724              0.0689991        
         1.8812885              0.3164240        
         0.5442493              0.7443083        
0   1
         0.1687144              
1   1
         0.1687144              

  1.0    2
0   3
        18.7311370              0.03349460       
         2.8253937              0.23472695       
         0.6401217              0.81375733       
0   1
         0.1612778              


      2        1   2  10
   2   -0.25463439   3   -0.19519726   4   -0.19520144   5   -0.19520555
   6   -0.12976469   7   -0.11140390   8   -0.11140440   9   -0.11139950
  10   -0.31843305  11   -0.21588788
      2        1   3  10
   2   -0.25462990   3    0.19521072   4    0.19520623   5   -0.19520792
   6   -0.12975427   7    0.11138879   8    0.11138895   9   -0.11138922
  10   -0.31844687  11   -0.21589524
      2        1   4  10
   2    0.25464542   3   -0.19522486   4    0.19522708   5   -0.19522520
   6    0.12977785   7   -0.11138914   8    0.11139373   9   -0.11139264
  10    0.31843858  11    0.21584953
      2        1   5  10
   2    0.25465005   3    0.19522672   4   -0.19522405   5   -0.19522697
   6    0.12978596   7    0.11140080   8   -0.11139575   9   -0.11139608
  10    0.31843250  11    0.21583825
      1        1   1
   1    1.00000000


Methane, CH4/SDVB/6-31G, at the RHF/6-31G geometry.
This example uses two-center expansions for the CH bonds and a 'single-zeta' core orbital consisting of just the '1s' basis function on carbon.
This wave function gains efficiency by omitting the orbital 'tails' and so its energy is slightly higher than the Hartree-Fock energy.
(the above orbitals are optimized to 1d-6 kCal/Mol in the total energy, output given below)

 guess energy in atomic units          -40.1730886556952527

