     1   1   0   0     5    13   3   0   7  16   1   0   0   0   1

  20 20 20     0 0 0  0.0 0.0   

   1   0.0   0.0   0.0


  9.0    7
0   6
      7001.7130900              0.0018196169     
      1051.3660900              0.0139160796     
       239.2856900              0.0684053245     
        67.3974453              0.233185760      
        21.5199573              0.471267439      
         7.40310130             0.356618546      
0   3
        20.8479528             -0.108506975            
         4.80830834            -0.146451658            
         1.34406986             1.128688580            
0   1
         0.358151393            
1   3
        20.8479528              0.0716287243     
         4.80830834             0.3459121030     
         1.34406986             0.7224699570     
1   1
         0.358151393            
0   1
         0.1076000              
1   1
         0.1076000              


      1        1   3
   2    0.50214243   3    0.54157081  10    0.03093571
      1        1   3
   4    0.62462082   7    0.42930139  11    0.16956248
      1        1   3
   5    0.62461823   8    0.42930152  12    0.16956636
      1        1   3
   6    0.62461991   9    0.42930148  13    0.16956378
      1        1   1
   1    1.00000000


Fluoride anion, F-/SDVB, with augmented basis set, 6-31+G.
(the above orbitals are optimized to 1d-6 kCal/Mol in the total energy, output given below)

 guess energy in atomic units          -99.4130881819624221

