     1   1   0   4    10    29   3   0   7  34   2   4   0   0   1
  20 20 20    0 0 0  0.0  0.0   

  1    0.0   0.0   0.0

  26.0    7
0   6
     61132.6200000              1.766111E-03     
      9179.3420000              1.353038E-02     
      2090.8570000              6.673128E-02     
       589.2479000              2.314823E-01     
       188.7543000              4.797058E-01     
        64.4462900              3.501976E-01     
0   6
      1259.9800000              2.438014E-03           
       299.8761000              3.224048E-02           
        96.8491700              1.265724E-01           
        36.3102000             -3.139902E-02           
        14.7299600             -6.207593E-01           
         6.0660750             -4.502914E-01           
1   6
      1259.9800000              4.028019E-03     
       299.8761000              3.144647E-02     
        96.8491700              1.368317E-01     
        36.3102000              3.487236E-01     
        14.7299600              4.617931E-01     
         6.0660750              2.043058E-01     
0   6
        50.4348500             -3.873256E-03          
        16.8392900              7.196598E-02          
         7.1920860              2.556591E-01           
         3.0534200             -2.882837E-01           
         1.2736430             -7.342822E-01           
         0.5040910             -2.049353E-01           
1   6
        50.4348500             -7.017128E-03     
        16.8392900             -2.877660E-02     
         7.1920860              6.181383E-02     
         3.0534200              3.954946E-01     
         1.2736430              4.989059E-01     
         0.5040910              1.791251E-01     
2   3
        23.1499400              8.876935E-02     
         6.1223680              3.896319E-01     
         1.8466010              7.014816E-01     
2   1
         0.5043610              

      1        1   2
   0    0.75715248  -1    0.41927899
      1        1   2
  11    0.75190891  17    0.42598274
      1        1   2
  12    0.75584947  18    0.42095064
      1        1   2
  14    0.75585132  20    0.42094827
      1        1   2
  -2    0.73381511  -3    0.44865111
      1        1   1
   1    1.00000000
      1        1   1
   2    1.00000000
      1        1   1
   3    1.00000000
      1        1   1
   4    1.00000000
      1        1   1
   5    1.00000000
      1        1   1
   6    1.00000000
      1        1   1
   7    1.00000000
      1        1   1
   8    1.00000000
      1        1   1
   9    1.00000000

      1        1   2
  16    0.86602540  19   -0.86602540
      1        1   2
  10    0.86602540  13   -0.86602540
      1        1   3
  21    1.00000000  16   -0.50000000  19   -0.50000000
      1        1   3
  15    1.00000000  10   -0.50000000  13   -0.50000000


Iron(II), Fe++/SDVB/6-31G.
This example uses DBFs to convert the cartesian gaussian functions into spherical harmonics for the valence shell with a 3d6 configuration.
A single-zeta core with the argon configuration is used.
(the above orbitals are optimized to 1d-6 kCal/Mol in the total energy, output given below)

 guess energy in atomic units        -1261.4826418871418809

