     3   2   0   0     5    30   8   0   7  18   1   0   0   0   3

  20 20 20    0 0 0 0.0 0.0  

  1    0.0000000    0.0000000    0.1068310
  2    0.0000000    0.7851780   -0.4273240
  2    0.0000000   -0.7851780   -0.4273240

  8.0   5
0   6
      5484.6717000              0.0018311        
       825.2349500              0.0139501        
       188.0469600              0.0684451        
        52.9645000              0.2327143        
        16.8975700              0.4701930        
         5.7996353              0.3585209        
0   3
        15.5396160             -0.1107775              
         3.5999336             -0.1480263              
         1.0137618              1.1307670              
0   1
         0.2700058              
1   3
        15.5396160              0.0708743        
         3.5999336              0.3397528        
         1.0137618              0.7271586        
1   1
         0.2700058              

  1.0    2
0   3
        18.7311370              0.03349460       
         2.8253937              0.23472695       
         0.6401217              0.81375733       
0   1
         0.1612778              


      3        1   2   3   8
   2   -0.08027660   5   -0.29134366   6    0.43583969   8   -0.15158844
   9    0.31586994  10   -0.30665685  11   -0.11520330  13    0.01734157
      3        1   2   3   8
   2   -0.08027769   5    0.29134376   6    0.43583975   8    0.15158846
   9    0.31586958  11    0.01733658  12   -0.30665770  13   -0.11520065
      3        1   2   3   6
   2    0.44361598   3    0.52870700   6    0.32548255   9    0.25913774
  11   -0.05869114  13   -0.05868874
      1        1   2
   4    0.64018474   7    0.51154856
      3        1   2   3   6
   1    0.99271066   2    0.02865719   6    0.00306807   9    0.00582145
  11    0.00109706  13    0.00109709


Water molecule, H2O, ground state, with 6-31G atomic basis set, at the RHF/6-31G geometry.
(the above orbitals are optimized to 1d-6 kCal/Mol in the total energy, output given below)

 guess energy in atomic units          -75.9853591758974005

