  1 1    0 1 1    7 5 0    6 22 0    0 1 0   1

  20 20 20   4 4 100 0.0 0.0   1 2


  1   0.0  0.0  0.0


  3.0   6
0   9
     6601.0000000              0.0001170
      989.7000000              0.0009110
      225.7000000              0.0047280
       64.2900000              0.0191970
       21.1800000              0.0630470
        7.7240000              0.1632080
        3.0030000              0.3148270
        1.2120000              0.3939360
        0.4930000              0.1969180
0   9
     6601.0000000             -0.0000180
      989.7000000             -0.0001420
      225.7000000             -0.0007410
       64.2900000             -0.0030200
       21.1800000             -0.0101230
        7.7240000             -0.0270940
        3.0030000             -0.0573590
        1.2120000             -0.0938950
        0.4930000             -0.1210910
0   1
        0.0951500              
0   1
        0.0479100              
0   1
        0.0222000              
0   1
        0.0063600              

 

      1        1   5
   2   0.0   3   0.0   4   1.0   5   0.0   6   0.0
      1        1   2
   1   1.0   2   0.0



Lithium atom doublet-S ground state, SDVB wave function with aug-cc-VQZ basis set ('s' functions only).
Optimization run.

 total energy in atomic units           -7.4326245198905436
 converged to   0.10E-03 kCal/mol


