   128   2   0   0   384   896   3   0  12  44   1   0   0   0   1
  9 9 8    0 0 0 0.0 0.0


  1          0.0000      0.0000      0.0000
  2          0.0000      0.0000      2.0150
  1          0.0000      0.0000      4.0300
  2          0.0000      0.0000      6.0450
  1          0.0000      0.0000      8.0600
  2          0.0000      0.0000     10.0750
  1          0.0000      0.0000     12.0900
  2          0.0000      0.0000     14.1050
  2          0.0000      2.0150      0.0000
  1          0.0000      2.0150      2.0150
  2          0.0000      2.0150      4.0300
  1          0.0000      2.0150      6.0450
  2          0.0000      2.0150      8.0600
  1          0.0000      2.0150     10.0750
  2          0.0000      2.0150     12.0900
  1          0.0000      2.0150     14.1050
  1          0.0000      4.0300      0.0000
  2          0.0000      4.0300      2.0150
  1          0.0000      4.0300      4.0300
  2          0.0000      4.0300      6.0450
  1          0.0000      4.0300      8.0600
  2          0.0000      4.0300     10.0750
  1          0.0000      4.0300     12.0900
  2          0.0000      4.0300     14.1050
  2          0.0000      6.0450      0.0000
  1          0.0000      6.0450      2.0150
  2          0.0000      6.0450      4.0300
  1          0.0000      6.0450      6.0450
  2          0.0000      6.0450      8.0600
  1          0.0000      6.0450     10.0750
  2          0.0000      6.0450     12.0900
  1          0.0000      6.0450     14.1050
  2          2.0150      0.0000      0.0000
  1          2.0150      0.0000      2.0150
  2          2.0150      0.0000      4.0300
  1          2.0150      0.0000      6.0450
  2          2.0150      0.0000      8.0600
  1          2.0150      0.0000     10.0750
  2          2.0150      0.0000     12.0900
  1          2.0150      0.0000     14.1050
  1          2.0150      2.0150      0.0000
  2          2.0150      2.0150      2.0150
  1          2.0150      2.0150      4.0300
  2          2.0150      2.0150      6.0450
  1          2.0150      2.0150      8.0600
  2          2.0150      2.0150     10.0750
  1          2.0150      2.0150     12.0900
  2          2.0150      2.0150     14.1050
  2          2.0150      4.0300      0.0000
  1          2.0150      4.0300      2.0150
  2          2.0150      4.0300      4.0300
  1          2.0150      4.0300      6.0450
  2          2.0150      4.0300      8.0600
  1          2.0150      4.0300     10.0750
  2          2.0150      4.0300     12.0900
  1          2.0150      4.0300     14.1050
  1          2.0150      6.0450      0.0000
  2          2.0150      6.0450      2.0150
  1          2.0150      6.0450      4.0300
  2          2.0150      6.0450      6.0450
  1          2.0150      6.0450      8.0600
  2          2.0150      6.0450     10.0750
  1          2.0150      6.0450     12.0900
  2          2.0150      6.0450     14.1050
  1          4.0300      0.0000      0.0000
  2          4.0300      0.0000      2.0150
  1          4.0300      0.0000      4.0300
  2          4.0300      0.0000      6.0450
  1          4.0300      0.0000      8.0600
  2          4.0300      0.0000     10.0750
  1          4.0300      0.0000     12.0900
  2          4.0300      0.0000     14.1050
  2          4.0300      2.0150      0.0000
  1          4.0300      2.0150      2.0150
  2          4.0300      2.0150      4.0300
  1          4.0300      2.0150      6.0450
  2          4.0300      2.0150      8.0600
  1          4.0300      2.0150     10.0750
  2          4.0300      2.0150     12.0900
  1          4.0300      2.0150     14.1050
  1          4.0300      4.0300      0.0000
  2          4.0300      4.0300      2.0150
  1          4.0300      4.0300      4.0300
  2          4.0300      4.0300      6.0450
  1          4.0300      4.0300      8.0600
  2          4.0300      4.0300     10.0750
  1          4.0300      4.0300     12.0900
  2          4.0300      4.0300     14.1050
  2          4.0300      6.0450      0.0000
  1          4.0300      6.0450      2.0150
  2          4.0300      6.0450      4.0300
  1          4.0300      6.0450      6.0450
  2          4.0300      6.0450      8.0600
  1          4.0300      6.0450     10.0750
  2          4.0300      6.0450     12.0900
  1          4.0300      6.0450     14.1050
  2          6.0450      0.0000      0.0000
  1          6.0450      0.0000      2.0150
  2          6.0450      0.0000      4.0300
  1          6.0450      0.0000      6.0450
  2          6.0450      0.0000      8.0600
  1          6.0450      0.0000     10.0750
  2          6.0450      0.0000     12.0900
  1          6.0450      0.0000     14.1050
  1          6.0450      2.0150      0.0000
  2          6.0450      2.0150      2.0150
  1          6.0450      2.0150      4.0300
  2          6.0450      2.0150      6.0450
  1          6.0450      2.0150      8.0600
  2          6.0450      2.0150     10.0750
  1          6.0450      2.0150     12.0900
  2          6.0450      2.0150     14.1050
  2          6.0450      4.0300      0.0000
  1          6.0450      4.0300      2.0150
  2        0.05607011
      1       14   3
   4    0.62842494   7    0.44739668  11    0.15779489
      1       14   3
   5    0.62855015   8    0.44737824  12    0.15760430
      1       14   3
   6    0.62862278   9    0.44736537  13    0.15749744
      1       15   1
   1    1.00000000
      1       16   1
   1    1.00000000
      1       16   3
   2    0.49077911   3    0.55470885  10    0.05607011
      1       16   3
   4    0.62842494   7    0.44739668  11    0.15779489
      1       16   3
   5    0.62855015   8    0.44737824  12    0.15760430
      1       16   3
   6    0.62862278   9    0.44736537  13    0.15749744
      1       17   1
   1    1.00000000
      1       17   3
   2    0.49077911   3    0.55470885  10    0.05607011
      1       17   3
   4    0.62842494   7    0.44739668  11    0.15779489
      1       17   3
   5    0.62855015   8    0.44737824  12    0.15760430
      1       17   3
   6    0.62862278   9    0.44736537  13    0.15749744
      1       18   1
   1    1.00000000
      1       19   1
   1    1.00000000
      1       19   3
   2    0.49077911   3    0.55470885  10    0.05607011
      1       19   3
   4    0.62842494   7    0.44739668  11    0.15779489
      1       19   3
   5    0.62855015   8    0.44737824  12    0.15760430
      1       19   3
   6    0.62862278   9    0.44736537  13    0.15749744
      1       20   1
   1    1.00000000
      1       21   1
   1    1.00000000
      1       21   3
   2    0.49077911   3    0.55470885  10    0.05607011
      1       21   3
   4    0.62842494   7    0.44739668  11    0.15779489
      1       21   3
   5    0.62855015   8    0.44737824  12    0.15760430
      1       21   3
   6    0.62862278   9    0.44736537  13    0.15749744
      1       22   1
   1    1.00000000
      1       23   1
   1    1.00000000
      1       23   3
   2    0.49077911   3    0.55470885  10    0.05607011
      1       23   3
   4    0.62842494   7    0.44739668  11    0.15779489
      1       23   3
   5    0.62855015   8    0.44737824  12    0.15760430
      1       23   3
   6    0.62862278   9    0.44736537  13    0.15749744
      1       24   1
   1    1.00000000
      1       25   1
   1    1.00000000
      1       26   1
   1    1.00000000
      1       26   3
   2    0.49077911   3    0.55470885  10    0.05607011
      1       26   3
   4    0.62842494   7    0.44739668  11    0.15779489
      1       26   3
   5    0.62855015   8    0.44737824  12    0.15760430
      1       26   3
   6    0.62862278   9    0.44736537  13    0.15749744
      1       27   1
   1    1.00000000
      1       28   1
   1    1.00000000
      1       28   3
   2    0.49077911   3    0.55470885  10    0.05607011
      1       28   3
   4    0.62842494   7    0.44739668  11    0.15779489
      1       28   3
   5    0.62855015   8    0.44737824  12    0.15760430
      1       28   3
   6    0.62862278   9    0.44736537  13    0.15749744
      1       29   1
   1    1.00000000
      1       30   1
   1    1.00000000
      1       30   3
   2    0.49077911   3    0.55470885  10    0.05607011
      1       30   3
   4    0.62842494   7    0.44739668  11    0.15779489
      1       30   3
   5    0.62855015   8    0.44737824  12    0.15760430
      1       30   3
   6    0.62862278   9    0.44736537  13    0.15749744
      1       31   1
   1    1.00000000
      1       32   1
   1    1.00000000
      1       32   3
   2    0.49077911   3    0.55470885  10    0.05607011
      1       32   3
   4    0.62842494   7    0.44739668  11    0.15779489
      1       32   3
   5    0.62855015   8    0.44737824  12    0.15760430
      1       32   3
   6    0.62862278   9    0.44736537  13    0.15749744
      1       33   1
   1    1.00000000
      1       34   1
   1    1.00000000
      1       34   3
   2    0.49077911   3    0.55470885  10    0.05607011
      1       34   3
   4    0.62842494   7    0.44739668  11    0.15779489
      1       34   3
   5    0.62855015   8    0.44737824  12    0.15760430
      1       34   3
   6    0.62862278   9    0.44736537  13    0.15749744
      1       35   1
   1    1.00000000
      1       36   1
   1    1.00000000
      1       36   3
   2    0.49077911   3    0.55470885  10    0.05607011
      1       36   3
   4    0.62842494   7    0.44739668  11    0.15779489
      1       36   3
   5    0.62855015   8    0.44737824  12    0.15760430
      1       36   3
   6    0.62862278   9    0.44736537  13    0.15749744
      1       37   1
   1    1.00000000
      1       38   1
   1    1.00000000
      1       38   3
   2    0.49077911   3    0.55470885  10    0.05607011
      1       38   3
   4    0.62842494   7    0.44739668  11    0.15779489
      1       38   3
   5    0.62855015   8    0.44737824  12    0.15760430
      1       38   3
   6    0.62862278   9    0.44736537  13    0.15749744
      1       39   1
   1    1.00000000
      1       40   1
   1    1.00000000
      1       40   3
   2    0.49077911   3    0.55470885  10    0.05607011
      1       40   3
   4    0.62842494   7    0.44739668  11    0.15779489
      1       40   3
   5    0.62855015   8    0.44737824  12    0.15760430
      1       40   3
   6    0.62862278   9    0.44736537  13    0.15749744
      1       41   1
   1    1.00000000
      1       41   3
   2    0.49077911   3    0.55470885  10    0.05607011
      1       41   3
   4    0.62842494   7    0.44739668  11    0.15779489
      1       41   3
   5    0.62855015   8    0.44737824  12    0.15760430
      1       41   3
   6    0.62862278   9    0.44736537  13    0.15749744
      1       42   1
   1    1.00000000
      1       43   1
   1    1.00000000
      1       43   3
   2    0.49077911   3    0.55470885  10    0.05607011
      1       43   3
   4    0.62842494   7    0.44739668  11    0.15779489
      1       43   3
   5    0.62855015   8    0.44737824  12    0.15760430
      1       43   3
   6    0.62862278   9    0.44736537  13    0.15749744
      1       44   1
   1    1.00000000
      1       45   1
   1    1.00000000
      1       45   3
   2    0.49077911   3    0.55470885  10    0.05607011
      1       45   3
   4    0.62842494   7    0.44739668  11    0.15779489
      1       45   3
   5    0.62855015   8    0.44737824  12    0.15760430
      1       45   3
   6    0.62862278   9    0.44736537  13    0.15749744
      1       46   1
   1    1.00000000
      1       47   1
   1    1.00000000
      1       47   3
   2    0.49077911   3    0.55470885  10    0.05607011
      1       47   3
   4    0.62842494   7    0.44739668  11    0.15779489
      1       47   3
   5    0.62855015   8    0.44737824  12    0.15760430
      1       47   3
   6    0.62862278   9    0.44736537  13    0.15749744
      1       48   1
   1    1.00000000
      1       49   1
   1    1.00000000
      1       50   1
   1    1.00000000
      1       50   3
   2    0.49077911   3    0.55470885  10    0.05607011
      1       50   3
   4    0.62842494   7    0.44739668  11    0.15779489
      1       50   3
   5    0.62855015   8    0.44737824  12    0.15760430
      1       50   3
   6    0.62862278   9    0.44736537  13    0.15749744
      1       51   1
   1    1.00000000
      1       52   1
   1    1.00000000
      1       52   3
   2    0.49077911   3    0.55470885  10    0.05607011
      1       52   3
   4    0.62842494   7    0.44739668  11    0.15779489
      1       52   3
   5    0.62855015   8    0.44737824  12    0.15760430
      1       52   3
   6    0.62862278   9    0.44736537  13    0.15749744
      1       53   1
   1    1.00000000
      1       54   1
   1    1.00000000
      1       54   3
   2    0.49077911   3    0.55470885  10    0.05607011
      1       54   3
   4    0.62842494   7    0.44739668  11    0.15779489
      1       54   3
   5    0.62855015   8    0.44737824  12    0.15760430
      1       54   3
   6    0.62862278   9    0.44736537  13    0.15749744
      1       55   1
   1    1.00000000
      1       56   1
   1    1.00000000
      1       56   3
   2    0.49077911   3    0.55470885  10    0.05607011
      1       56   3
   4    0.62842494   7    0.44739668  11    0.15779489
      1       56   3
   5    0.62855015   8    0.44737824  12    0.15760430
      1       56   3
   6    0.62862278   9    0.44736537  13    0.15749744
      1       57   1
   1    1.00000000
      1       57   3
   2    0.49077911   3    0.55470885  10    0.05607011
      1       57   3
   4    0.62842494   7    0.44739668  11    0.15779489
      1       57   3
   5    0.62855015   8    0.44737824  12    0.15760430
      1       57   3
   6    0.62862278   9    0.44736537  13    0.15749744
      1       58   1
   1    1.00000000
      1       59   1
   1    1.00000000
      1       59   3
   2    0.49077911   3    0.55470885  10    0.05607011
      1       59   3
   4    0.62842494   7    0.44739668  11    0.15779489
      1       59   3
   5    0.62855015   8    0.44737824  12    0.15760430
      1       59   3
   6    0.62862278   9    0.44736537  13    0.15749744
      1       60   1
   1    1.00000000
      1       61   1
   1    1.00000000
      1       61   3
   2    0.49077911   3    0.55470885  10    0.05607011
      1       61   3
   4    0.62842494   7    0.44739668  11    0.15779489
      1       61   3
   5    0.62855015   8    0.44737824  12    0.15760430
      1       61   3
   6    0.62862278   9    0.44736537  13    0.15749744
      1       62   1
   1    1.00000000
      1       63   1
   1    1.00000000
      1       63   3
   2    0.49077911   3    0.55470885  10    0.05607011
      1       63   3
   4    0.62842494   7    0.44739668  11    0.15779489
      1       63   3
   5    0.62855015   8    0.44737824  12    0.15760430
      1       63   3
   6    0.62862278   9    0.44736537  13    0.15749744
      1       64   1
   1    1.00000000
      1       65   1
   1    1.00000000
      1       65   3
   2    0.49077911   3    0.55470885  10    0.05607011
      1       65   3
   4    0.62842494   7    0.44739668  11    0.15779489
      1       65   3
   5    0.62855015   8    0.44737824  12    0.15760430
      1       65   3
   6    0.62862278   9    0.44736537  13    0.15749744
      1       66   1
   1    1.00000000
      1       67   1
   1    1.00000000
      1       67   3
   2    0.49077911   3    0.55470885  10    0.05607011
      1       67   3
   4    0.62842494   7    0.44739668  11    0.15779489
      1       67   3
   5    0.62855015   8    0.44737824  12    0.15760430
      1       67   3
   6    0.62862278   9    0.44736537  13    0.15749744
      1       68   1
   1    1.00000000
      1       69   1
   1    1.00000000
      1       69   3
   2    0.49077911   3    0.55470885  10    0.05607011
      1       69   3
   4    0.62842494   7    0.44739668  11    0.15779489
      1       69   3
   5    0.62855015   8    0.44737824  12    0.15760430
      1       69   3
   6    0.62862278   9    0.44736537  13    0.15749744
      1       70   1
   1    1.00000000
      1       71   1
   1    1.00000000
      1       71   3
   2    0.49077911   3    0.55470885  10    0.05607011
      1       71   3
   4    0.62842494   7    0.44739668  11    0.15779489
      1       71   3
   5    0.62855015   8    0.44737824  12    0.15760430
      1       71   3
   6    0.62862278   9    0.44736537  13    0.15749744
      1       72   1
   1    1.00000000
      1       73   1
   1    1.00000000
      1       74   1
   1    1.00000000
      1       74   3
   2    0.49077911   3    0.55470885  10    0.05607011
      1       74   3
   4    0.62842494   7    0.44739668  11    0.15779489
      1       74   3
   5    0.62855015   8    0.44737824  12    0.15760430
      1       74   3
   6    0.62862278   9    0.44736537  13    0.15749744
      1       75   1
   1    1.00000000
      1       76   1
   1    1.00000000
      1       76   3
   2    0.49077911   3    0.55470885  10    0.05607011
      1       76   3
   4    0.62842494   7    0.44739668  11    0.15779489
      1       76   3
   5    0.62855015   8    0.44737824  12    0.15760430
      1       76   3
   6    0.62862278   9    0.44736537  13    0.15749744
      1       77   1
   1    1.00000000
      1       78   1
   1    1.00000000
      1       78   3
   2    0.49077911   3    0.55470885  10    0.05607011
      1       78   3
   4    0.62842494   7    0.44739668  11    0.15779489
      1       78   3
   5    0.62855015   8    0.44737824  12    0.15760430
      1       78   3
   6    0.62862278   9    0.44736537  13    0.15749744
      1       79   1
   1    1.00000000
      1       80   1
   1    1.00000000
      1       80   3
   2    0.49077911   3    0.55470885  10    0.05607011
      1       80   3
   4    0.62842494   7    0.44739668  11    0.15779489
      1       80   3
   5    0.62855015   8    0.44737824  12    0.15760430
      1       80   3
   6    0.62862278   9    0.44736537  13    0.15749744
      1       81   1
   1    1.00000000
      1       81   3
   2    0.49077911   3    0.55470885  10    0.05607011
      1       81   3
   4    0.62842494   7    0.44739668  11    0.15779489
      1       81   3
   5    0.62855015   8    0.44737824  12    0.15760430
      1       81   3
   6    0.62862278   9    0.44736537  13    0.15749744
      1       82   1
   1    1.00000000
      1       83   1
   1    1.00000000
      1       83   3
   2    0.49077911   3    0.55470885  10    0.05607011
      1       83   3
   4    0.62842494   7    0.44739668  11    0.15779489
      1       83   3
   5    0.62855015   8    0.44737824  12    0.15760430
      1       83   3
   6    0.62862278   9    0.44736537  13    0.15749744
      1       84   1
   1    1.00000000
      1       85   1
   1    1.00000000
      1       85   3
   2    0.49077911   3    0.55470885  10    0.05607011
      1       85   3
   4    0.62842494   7    0.44739668  11    0.15779489
      1       85   3
   5    0.62855015   8    0.44737824  12    0.15760430
      1       85   3
   6    0.62862278   9    0.44736537  13    0.15749744
      1       86   1
   1    1.00000000
      1       87   1
   1    1.00000000
      1       87   3
   2    0.49077911   3    0.55470885  10    0.05607011
      1       87   3
   4    0.62842494   7    0.44739668  11    0.15779489
      1       87   3
   5    0.62855015   8    0.44737824  12    0.15760430
      1       87   3
   6    0.62862278   9    0.44736537  13    0.15749744
      1       88   1
   1    1.00000000
      1       89   1
   1    1.00000000
      1       90   1
   1    1.00000000
      1       90   3
   2    0.49077911   3    0.55470885  10    0.05607011
      1       90   3
   4    0.62842494   7    0.44739668  11    0.15779489
      1       90   3
   5    0.62855015   8    0.44737824  12    0.15760430
      1       90   3
   6    0.62862278   9    0.44736537  13    0.15749744
      1       91   1
   1    1.00000000
      1       92   1
   1    1.00000000
      1       92   3
   2    0.49077911   3    0.55470885  10    0.05607011
      1       92   3
   4    0.62842494   7    0.44739668  11    0.15779489
      1       92   3
   5    0.62855015   8    0.44737824  12    0.15760430
      1       92   3
   6    0.62862278   9    0.44736537  13    0.15749744
      1       93   1
   1    1.00000000
      1       94   1
   1    1.00000000
      1       94   3
   2    0.49077911   3    0.55470885  10    0.05607011
      1       94   3
   4    0.62842494   7    0.44739668  11    0.15779489
      1       94   3
   5    0.62855015   8    0.44737824  12    0.15760430
      1       94   3
   6    0.62862278   9    0.44736537  13    0.15749744
      1       95   1
   1    1.00000000
      1       96   1
   1    1.00000000
      1       96   3
   2    0.49077911   3    0.55470885  10    0.05607011
      1       96   3
   4    0.62842494   7    0.44739668  11    0.15779489
      1       96   3
   5    0.62855015   8    0.44737824  12    0.15760430
      1       96   3
   6    0.62862278   9    0.44736537  13    0.15749744
      1       97   1
   1    1.00000000
      1       98   1
   1    1.00000000
      1       98   3
   2    0.49077911   3    0.55470885  10    0.05607011
      1       98   3
   4    0.62842494   7    0.44739668  11    0.15779489
      1       98   3
   5    0.62855015   8    0.44737824  12    0.15760430
      1       98   3
   6    0.62862278   9    0.44736537  13    0.15749744
      1       99   1
   1    1.00000000
      1      100   1
   1    1.00000000
      1      100   3
   2    0.49077911   3    0.55470885  10    0.05607011
      1      100   3
   4    0.62842494   7    0.44739668  11    0.15779489
      1      100   3
   5    0.62855015   8    0.44737824  12    0.15760430
      1      100   3
   6    0.62862278   9    0.44736537  13    0.15749744
      1      101   1
   1    1.00000000
      1      102   1
   1    1.00000000
      1      102   3
   2    0.49077911   3    0.55470885  10    0.05607011
      1      102   3
   4    0.62842494   7    0.44739668  11    0.15779489
      1      102   3
   5    0.62855015   8    0.44737824  12    0.15760430
      1      102   3
   6    0.62862278   9    0.44736537  13    0.15749744
      1      103   1
   1    1.00000000
      1      104   1
   1    1.00000000
      1      104   3
   2    0.49077911   3    0.55470885  10    0.05607011
      1      104   3
   4    0.62842494   7    0.44739668  11    0.15779489
      1      104   3
   5    0.62855015   8    0.44737824  12    0.15760430
      1      104   3
   6    0.62862278   9    0.44736537  13    0.15749744
      1      105   1
   1    1.00000000
      1      105   3
   2    0.49077911   3    0.55470885  10    0.05607011
      1      105   3
   4    0.62842494   7    0.44739668  11    0.15779489
      1      105   3
   5    0.62855015   8    0.44737824  12    0.15760430
      1      105   3
   6    0.62862278   9    0.44736537  13    0.15749744
      1      106   1
   1    1.00000000
      1      107   1
   1    1.00000000
      1      107   3
   2    0.49077911   3    0.55470885  10    0.05607011
      1      107   3
   4    0.62842494   7    0.44739668  11    0.15779489
      1      107   3
   5    0.62855015   8    0.44737824  12    0.15760430
      1      107   3
   6    0.62862278   9    0.44736537  13    0.15749744
      1      108   1
   1    1.00000000
      1      109   1
   1    1.00000000
      1      109   3
   2    0.49077911   3    0.55470885  10    0.05607011
      1      109   3
   4    0.62842494   7    0.44739668  11    0.15779489
      1      109   3
   5    0.62855015   8    0.44737824  12    0.15760430
      1      109   3
   6    0.62862278   9    0.44736537  13    0.15749744
      1      110   1
   1    1.00000000
      1      111   1
   1    1.00000000
      1      111   3
   2    0.49077911   3    0.55470885  10    0.05607011
      1      111   3
   4    0.62842494   7    0.44739668  11    0.15779489
      1      111   3
   5    0.62855015   8    0.44737824  12    0.15760430
      1      111   3
   6    0.62862278   9    0.44736537  13    0.15749744
      1      112   1
   1    1.00000000
      1      113   1
   1    1.00000000
      1      114   1
   1    1.00000000
      1      114   3
   2    0.49077911   3    0.55470885  10    0.05607011
      1      114   3
   4    0.62842494   7    0.44739668  11    0.15779489
      1      114   3
   5    0.62855015   8    0.44737824  12    0.15760430
      1      114   3
   6    0.62862278   9    0.44736537  13    0.15749744
      1      115   1
   1    1.00000000
      1      116   1
   1    1.00000000
      1      116   3
   2    0.49077911   3    0.55470885  10    0.05607011
      1      116   3
   4    0.62842494   7    0.44739668  11    0.15779489
      1      116   3
   5    0.62855015   8    0.44737824  12    0.15760430
      1      116   3
   6    0.62862278   9    0.44736537  13    0.15749744
      1      117   1
   1    1.00000000
      1      118   1
   1    1.00000000
      1      118   3
   2    0.49077911   3    0.55470885  10    0.05607011
      1      118   3
   4    0.62842494   7    0.44739668  11    0.15779489
      1      118   3
   5    0.62855015   8    0.44737824  12    0.15760430
      1      118   3
   6    0.62862278   9    0.44736537  13    0.15749744
      1      119   1
   1    1.00000000
      1      120   1
   1    1.00000000
      1      120   3
   2    0.49077911   3    0.55470885  10    0.05607011
      1      120   3
   4    0.62842494   7    0.44739668  11    0.15779489
      1      120   3
   5    0.62855015   8    0.44737824  12    0.15760430
      1      120   3
   6    0.62862278   9    0.44736537  13    0.15749744
      1      121   1
   1    1.00000000
      1      121   3
   2    0.49077911   3    0.55470885  10    0.05607011
      1      121   3
   4    0.62842494   7    0.44739668  11    0.15779489
      1      121   3
   5    0.62855015   8    0.44737824  12    0.15760430
      1      121   3
   6    0.62862278   9    0.44736537  13    0.15749744
      1      122   1
   1    1.00000000
      1      123   1
   1    1.00000000
      1      123   3
   2    0.49077911   3    0.55470885  10    0.05607011
      1      123   3
   4    0.62842494   7    0.44739668  11    0.15779489
      1      123   3
   5    0.62855015   8    0.44737824  12    0.15760430
      1      123   3
   6    0.62862278   9    0.44736537  13    0.15749744
      1      124   1
   1    1.00000000
      1      125   1
   1    1.00000000
      1      125   3
   2    0.49077911   3    0.55470885  10    0.05607011
      1      125   3
   4    0.62842494   7    0.44739668  11    0.15779489
      1      125   3
   5    0.62855015   8    0.44737824  12    0.15760430
      1      125   3
   6    0.62862278   9    0.44736537  13    0.15749744
      1      126   1
   1    1.00000000
      1      127   1
   1    1.00000000
      1      127   3
   2    0.49077911   3    0.55470885  10    0.05607011
      1      127   3
   4    0.62842494   7    0.44739668  11    0.15779489
      1      127   3
   5    0.62855015   8    0.44737824  12    0.15760430
      1      127   3
   6    0.62862278   9    0.44736537  13    0.15749744
      1      128   1
   1    1.00000000
