    13   3   0   0    17   149  13   0  12  32   1   4   0   0   2

 20 20 20   0 0 0  0.0 0.0  

  1    0.0000000    0.0000000    0.3040380
  2    0.0000000    1.4083910   -0.0510950
  2    1.2197020   -0.7041950   -0.0510950
  2   -1.2197020   -0.7041950   -0.0510950
  3    0.0000000    1.5763540   -1.1319690
  3    1.3651630   -0.7881770   -1.1319690
  3   -1.3651630   -0.7881770   -1.1319690
  3   -0.8754710    1.8901480    0.3645590
  3    0.8754710    1.8901480    0.3645590
  3    2.0746520   -0.1868940    0.3645590
  3    1.1991810   -1.7032540    0.3645590
  3   -1.1991810   -1.7032540    0.3645590
  3   -2.0746520   -0.1868940    0.3645590

  7.0   5
0   6
      4173.5110000              0.0018348        
       627.4579000              0.0139950        
       142.9021000              0.0685870        
        40.2343300              0.2322410        
        12.8202100              0.4690700        
         4.3904370              0.3604550        
0   3
        11.6263580             -0.1149610              
         2.7162800             -0.1691180              
         0.7722180              1.1458520              
1   3
        11.6263580              0.0675800        
         2.7162800              0.3239070        
         0.7722180              0.7408950        
0   1
         0.2120313              
1   1
         0.2120313              


  6.0   5
0   6
      3047.5249000              0.0018347        
       457.3695100              0.0140373        
       103.9486900              0.0688426        
        29.2101550              0.2321844        
         9.2866630              0.4679413        
         3.1639270              0.3623120        
0   3
         7.8682724             -0.1193324              
         1.8812885             -0.1608542              
         0.5442493              1.1434564              
1   3
         7.8682724              0.0689991        
         1.8812885              0.3164240        
         0.5442493              0.7443083        
0   1
         0.1687144              
1   1
         0.1687144              

  1.0    2
0   3
        18.7311370              0.03349460       
         2.8253937              0.23472695       
         0.6401217              0.81375733       
0   1
         0.1612778              


      1        1   3
   0   -0.54413020   6   -0.38970826   9   -0.39970234
      2        1   2  13
  -1    0.42206761   6    0.30085631   7    0.00001179   8    0.20265836
   9   -0.04963723  11    0.22660747  12   -0.00000088  13   -0.27067512
  14    0.04213058  15    0.00507975  16   -0.00000273  17   -0.07586660
  18   -0.00253072
      2        1   3  13
  -2    0.42203802   6    0.30081161   7    0.17550443   8   -0.10133236
   9   -0.04964445  11    0.22662282  12   -0.23444323  13    0.13535300
  14    0.04213815  15    0.00510690  16   -0.06571939  17    0.03794245
  18   -0.00253593
      2        1   4  13
  -3    0.42200201   6    0.30077049   7   -0.17549337   8   -0.10132985
   9   -0.04965192  11    0.22664515  12    0.23447595  13    0.13537361
  14    0.04214893  15    0.00513160  16    0.06574141  17    0.03795346
  18   -0.00253678
      2        2   5   8
   2    0.26398523   4    0.03779847   5   -0.32768660   6    0.13090994
   8   -0.00198385   9   -0.16094157  10    0.31492022  11    0.24683229
      2        2   8  10
   2   -0.26088115   3    0.28351628   4   -0.14923849   5   -0.12231293
   6   -0.12516887   7    0.15408571   8   -0.06668570   9   -0.05992547
  10   -0.32137739  11   -0.22092822
      2        2   9  10
   2   -0.26088622   3   -0.28352995   4   -0.14924096   5   -0.12231735
   6   -0.12517564   7   -0.15408596   8   -0.06668088   9   -0.05992228
  10   -0.32137742  11   -0.22091189
      2        3   6  10
   2   -0.26399666   3   -0.03272957   4    0.01889440   5    0.32771975
   6   -0.13094024   7    0.00171691   8   -0.00099350   9    0.16094382
  10   -0.31491181  11   -0.24678536
      2        3  10  10
   2   -0.26088891   3   -0.27100391   4   -0.17092168   5   -0.12231129
   6   -0.12518188   7   -0.13479515   8   -0.10010622   9   -0.05992689
  10   -0.32137073  11   -0.22091269
      2        3  11  10
   2   -0.26088840   3    0.01251767   4    0.32015359   5   -0.12231069
   6   -0.12517885   7    0.01929413   8    0.16679596   9   -0.05992912
  10   -0.32137017  11   -0.22091291
      2        4   7  10
   2   -0.26399917   3    0.03272185   4    0.01889112   5    0.32771506
   6   -0.13094057   7   -0.00172326   8   -0.00099205   9    0.16095017
  10   -0.31490789  11   -0.24678656
      2        4  12  10
   2   -0.26088657   3   -0.01252038   4    0.32014532   5   -0.12230565
   6   -0.12517524   7   -0.01929577   8    0.16679491   9   -0.05992598
  10   -0.32137006  11   -0.22092548
      2        4  13  10
   2    0.26088348   3   -0.27098938   4    0.17091293   5    0.12230314
   6    0.12517204   7   -0.13479706   8    0.10010715   9    0.05992526
  10    0.32137084  11    0.22093621
      1        1   1
   1    1.00000000
      1        2   1
   1    1.00000000
      1        3   1
   1    1.00000000
      1        4   1
   1    1.00000000
 
      1        1   4
   2    0.70710678   3   -0.59378625   4   -0.34282252   5   -0.17288903
      1        1   4
   2    0.70710678   3    0.59378625   4   -0.34282252   5   -0.17288903
      1        1   3
   2    0.70710678   4    0.68564525   5   -0.17288896
      1        1   2
   2    0.70710678   5    0.70710678


Trimethylamine, N(CH3)3/SDVB/6-31G, at the RHF/6-31G geometry.
This example uses sp3-hybridized functions on N to provide UDF for the three CN bonds, and the lone-pair orbital on N. The s/p hybridization ratio is 1. Both the ratio and the hybrid direction can be optimized.
Two-center expansions are used for the CN,CC and CH bonds, and the 'single-zeta' core orbitals consist of just the '1s' basis functions on carbon,nitrogen.
This wave function gains efficiency by omitting the orbital 'tails' and so its energy is slightly higher than the Hartree-Fock energy.
(the above orbitals are optimized to 1d-4 kCal/Mol in the total energy, output given below)

 guess energy in atomic units         -173.1023795379115882
 
